750
0 2 62
576 3
428 6 668 8
747 617 10
267 457
417 12 471 15
723 499
227 18 119 20
334 861 26
474 27 394 30
620 31 404
810 32 300
484 36 224 37
858 40 169 44
481 46 789 47
982 49 744 51
516 271 52
469 53 265
270 54 735 55
447 57 462
383 58 35
645 652
5 434 59
715 61 688
92 76 64
67 65 929 66
217 147 68
536 497
138 69 814 71
889 288 72
454 79 824 80
716 82 216
183 84 891 85
350 86 588
4 314
146 88 677
268 435
841 91 832 93
99 94 550
553 95 28
1 144 96
367 873 97
458 101 525 102
509 557
681 104 215 105
423 756
344 108 947 114
48 171 115
475 116 812
376 117 134 118
726 123 452 124
527 126 318 128
490 129 211
38 185 130
817 131 438 133
345 137 482 143
466 150 228
467 915 151
852 89
446 924
650 136
168 152 338 153
795 155 758 156
286 388 157
846 158 746
106 511 160
339 161 195 162
83 774 163
204 165 50
937 172 638
896 19
298 11
995 173 779
963 833 175
401 180 850
800 182 837 188
534 190 572 191
819 759 198
488 244 199
125 951
570 241
218 200 391
443 206 522 207
513 214 591
964 605
867 520
957 221 796 223
87 561
70 248 226
495 231 470 234
411 148
410 236 409 237
461 238 421
170 343 242
415 243 450
81 725
907 347
857 246 562 249
717 250 899
487 252 847 253
113 524 256
571 257 166
504 876 259
808 262 956 263
468 502
830 567
596 416
414 264 885 266
581 269 368 273
939 797 280
788 285 429
7 614
176 949 289
355 290 997
612 291 712
622 295 178
279 145
768 993 297
407 304 714 306
492 307 370
619 310 436
973 321 225
393 922
729 897 322
78 880
196 538
381 848
111 630 324
451 745
485 13
606 543 327
629 517 330
294 103
985 331 962
802 835 335
281 341 336
661 337 202
600 353 507
609 359 813 363
90 501 365
530 382 366
127 422 371
110 801 372
721 373 670 375
912 384 991 385
615 386 988 390
792 189
724 887
559 477
664 392 432 395
710 398 728
942 541
465 399 613
727 463
444 402 313
472 261
628 403 821
589 405 631 408
825 413 500
647 406
742 533
737 418 494 419
585 424 352
760 426 519
720 427 918 437
662 445 607 449
251 663
711 455 695 459
594 919 464
794 476 14
45 881 478
736 316
17 387
332 778
340 284
739 920 496
975 709 498
433 34
770 503 272
301 179
364 473
360 532
743 73
537 510 838 512
311 624 518
616 75
618 521 187
781 523 9
644 309
637 528 349
856 529 25
602 277
836 706
888 818 535
771 560
16 213
222 514
765 542 741
977 544 292
648 702
348 439
940 545 657 547
853 548 965 552
193 994
862 558 551
936 636 563
580 564 855
255 247
671 776
655 894 566
860 866 568
658 396
539 625 573
22 775
441 29
769 577 604
480 109
820 181
730 21
203 546
149 209
777 275
972 329
914 448
107 905
597 740 578
159 121
201 764
803 868 579
903 582 930 583
933 356
705 586 60
197 654
460 823
844 738
635 587 39
239 287
679 646
660 590 816 595
921 809
508 967 598
584 412
389 425
440 719
882 599 23
960 601 872 603
754 926
879 608 941 632
369 953 633
799 167
260 767
877 992
641 554
611 346
698 634 955
219 278
565 732
283 139
653 643 361
555 762 651
827 56
320 913
806 659 77
656 805 665
305 961 666
927 673 869
996 674 254
718 840 675
969 192
299 934 676
342 649
734 884 683
697 684 851
379 493
826 100
74 112
177 302
505 63
140 98
323 923
932 685 784
904 686 831
229 667
682 909 689
453 240
420 575
970 783 696
807 574
999 699 526
859 971
928 700 703 701
154 483
456 120
174 704
849 627
892 731 491
626 893
986 610
132 276
815 41
910 749 761
479 938
694 925
935 751 750
974 752 990 753
782 763 793 773
506 303
593 328
980 798 898 828
707 804
755 184
515 164
780 979 834
672 374
708 886
623 397
950 908
24 540
549 489
952 871 678
621 693
987 943 883
194 785
984 901 945 902
865 669
235 931
354 954
312 998
142 890
966 315
358 233
245 210
680 878
968 911 308
33 42
829 325
690 946 916
733 378
864 978
722 296
208 135
944 274
377 400
293 900
141 122
43 811
843 822
713 870
989 205
958 981 687
326 757
791 220
319 258
351 556
959 569
845 874
787 531
230 186
430 333
976 790
431 212
232 863
917 642
282 692
772 317
486 691
875 906
786 839
948 357
362 380
442 842
592 639
640 748
766 854
895 983
